0 0.457604 0.733594 0.717292 0.368437
0 0.083958 0.671875 0.166250 0.360625
0 0.277813 0.664062 0.113542 0.333125
0 0.420104 0.431875 0.141458 0.687500
0 0.361875 0.546406 0.135833 0.410938
0 0.302500 0.397344 0.125833 0.570312
0 0.080417 0.412344 0.124583 0.515938
0 0.608958 0.469219 0.121250 0.497188
0 0.747396 0.450781 0.106458 0.558438
0 0.859479 0.446406 0.122292 0.580313
0 0.965313 0.430156 0.069375 0.582187
0 0.930208 0.330313 0.094167 0.395625
0 0.745313 0.339531 0.111042 0.546562
0 0.585833 0.396406 0.097500 0.425938
0 0.504479 0.405469 0.079375 0.319063
0 0.438125 0.398438 0.129583 0.631250
