0 0.073529 0.532067 0.147059 0.551879
0 0.110141 0.640727 0.143689 0.498775
0 0.180913 0.542688 0.105086 0.509395
0 0.245404 0.655842 0.126225 0.435866
0 0.298866 0.546364 0.108762 0.512663
0 0.391697 0.660131 0.124081 0.491013
0 0.429841 0.550858 0.107843 0.504493
0 0.519914 0.678922 0.133578 0.466503
0 0.553615 0.571283 0.096814 0.493056
0 0.658088 0.567402 0.113358 0.508170
0 0.652114 0.669935 0.124694 0.441176
0 0.773897 0.677492 0.130515 0.450572
0 0.762408 0.572917 0.122855 0.502859
0 0.890931 0.552696 0.136029 0.538399
0 0.886642 0.700776 0.151348 0.398284
