0 0.163750 0.907383 0.125000 0.185233
0 0.245625 0.894430 0.111250 0.211140
0 0.245625 0.834845 0.111250 0.205959
0 0.181250 0.834845 0.237500 0.330311
0 0.112500 0.761010 0.152500 0.332902
0 0.178125 0.722150 0.136250 0.358808
0 0.128750 0.618523 0.155000 0.340674
0 0.179375 0.578368 0.093750 0.195596
0 0.281250 0.525907 0.125000 0.220207
0 0.326250 0.610104 0.222500 0.479275
0 0.401250 0.617228 0.175000 0.439119
0 0.430000 0.411917 0.085000 0.225389
0 0.512500 0.553109 0.172500 0.523316
0 0.525000 0.727332 0.127500 0.296632
0 0.595000 0.553109 0.167500 0.419689
0 0.583750 0.511658 0.095000 0.230570
0 0.708125 0.698187 0.131250 0.318653
0 0.791875 0.660622 0.133750 0.344560
0 0.713750 0.616580 0.132500 0.386010
0 0.720625 0.415155 0.123750 0.203368
0 0.807500 0.415803 0.110000 0.225389
0 0.901250 0.560881 0.142500 0.476684
0 0.780000 0.507124 0.167500 0.496114
0 0.423125 0.841969 0.346250 0.316062
