0 0.140833 0.570000 0.135000 0.457778
0 0.306250 0.572778 0.069167 0.114444
0 0.340000 0.556667 0.095000 0.384444
0 0.419583 0.576667 0.075833 0.446667
0 0.545417 0.663333 0.105833 0.533333
0 0.583750 0.620556 0.095833 0.523333
0 0.502917 0.532222 0.090833 0.297778
0 0.651250 0.616111 0.135833 0.443333
0 0.585417 0.552778 0.112500 0.427778
0 0.667083 0.532778 0.129167 0.552222
0 0.714167 0.518889 0.043333 0.251111
0 0.788750 0.618889 0.107500 0.506667
0 0.815833 0.526667 0.071667 0.284444
0 0.847917 0.537222 0.067500 0.238889
0 0.906250 0.545000 0.062500 0.210000
0 0.938750 0.665556 0.122500 0.488889
0 0.973750 0.552778 0.052500 0.194444
