0 0.093262 0.697794 0.124023 0.542647
0 0.207520 0.709559 0.143555 0.513235
0 0.310547 0.665441 0.132812 0.483824
0 0.432617 0.648529 0.142578 0.688235
0 0.544922 0.622794 0.164062 0.604412
0 0.631836 0.673529 0.097656 0.476471
0 0.721191 0.680147 0.141602 0.498529
0 0.778809 0.672794 0.163086 0.451471
0 0.865723 0.611765 0.243164 0.564706
0 0.753906 0.524265 0.130859 0.510294
0 0.688965 0.477206 0.108398 0.530882
0 0.603516 0.486765 0.113281 0.538235
0 0.507812 0.473529 0.119141 0.579412
0 0.396484 0.481618 0.130859 0.527941
0 0.306152 0.467647 0.114258 0.573529
0 0.255371 0.467647 0.139648 0.600000
0 0.140625 0.476471 0.162109 0.541176
