0 0.255556 0.535417 0.070370 0.284722
0 0.368056 0.586806 0.034259 0.084722
0 0.501389 0.543056 0.039815 0.163889
0 0.442130 0.613889 0.184259 0.433333
0 0.577315 0.615972 0.258333 0.456944
0 0.748148 0.542361 0.038889 0.176389
0 0.789815 0.540972 0.044444 0.204167
0 0.833796 0.567361 0.047222 0.120833
0 0.878704 0.545833 0.075926 0.211111
0 0.950926 0.546528 0.098148 0.359722
0 0.973148 0.555556 0.053704 0.783333
0 0.181019 0.065972 0.049074 0.120833
0 0.322222 0.109722 0.024074 0.111111
0 0.337500 0.087500 0.036111 0.127778
0 0.383796 0.144444 0.032407 0.113889
0 0.417130 0.107639 0.034259 0.118056
0 0.894907 0.527083 0.063889 0.312500
0 0.444444 0.088194 0.050000 0.176389
0 0.510185 0.086111 0.037037 0.172222
0 0.531944 0.084028 0.043519 0.168056
0 0.569444 0.081250 0.037037 0.162500
