0 0.096250 0.723889 0.192500 0.552222
0 0.197083 0.719444 0.220833 0.561111
0 0.284583 0.675556 0.389167 0.648889
0 0.795000 0.652778 0.410000 0.694444
0 0.933750 0.616111 0.132500 0.767778
0 0.545417 0.684444 0.239167 0.631111
0 0.657917 0.679444 0.172500 0.558889
0 0.731250 0.567778 0.272500 0.864444
0 0.807083 0.384444 0.164167 0.666667
0 0.111667 0.614444 0.223333 0.771111
0 0.190000 0.441667 0.210000 0.472222
0 0.219583 0.506667 0.250833 0.837778
0 0.400833 0.607222 0.255000 0.785556
0 0.382083 0.533889 0.185833 0.876667
0 0.490833 0.513333 0.133333 0.562222
