0 0.115500 0.532234 0.119000 0.434783
0 0.209000 0.523238 0.096000 0.410795
0 0.277500 0.536732 0.099000 0.383808
0 0.356500 0.533733 0.097000 0.404798
0 0.395500 0.510495 0.083000 0.403298
0 0.475500 0.509745 0.089000 0.404798
0 0.562000 0.523988 0.082000 0.364318
0 0.644500 0.525487 0.083000 0.397301
0 0.722500 0.527736 0.089000 0.410795
0 0.803000 0.535232 0.084000 0.401799
0 0.837000 0.568216 0.100000 0.446777
0 0.921500 0.580960 0.107000 0.436282
0 0.744500 0.565217 0.087000 0.398801
0 0.835500 0.693403 0.129000 0.340330
0 0.750000 0.673163 0.114000 0.341829
0 0.307000 0.649175 0.124000 0.314843
0 0.253000 0.603448 0.104000 0.310345
0 0.197500 0.663418 0.125000 0.298351
0 0.110500 0.639430 0.149000 0.340330
