0 0.862305 0.617164 0.208008 0.765672
0 0.735107 0.671642 0.167480 0.656716
0 0.745850 0.642910 0.170410 0.702239
0 0.563477 0.706716 0.349609 0.586567
0 0.500000 0.702239 0.165039 0.582090
0 0.467773 0.608582 0.165039 0.614179
0 0.564697 0.557836 0.190918 0.685821
0 0.668213 0.544403 0.139160 0.632090
0 0.586182 0.545149 0.093262 0.539552
0 0.500977 0.553731 0.083008 0.532836
0 0.481689 0.525373 0.075684 0.470149
0 0.395508 0.668284 0.119141 0.639552
0 0.272217 0.678731 0.175293 0.642537
0 0.281006 0.633582 0.163574 0.586567
0 0.208984 0.583955 0.155273 0.633582
0 0.129395 0.535075 0.198242 0.719403
0 0.111328 0.492537 0.222656 0.661194
0 0.249268 0.522761 0.130371 0.618657
0 0.344727 0.538806 0.140625 0.605970
0 0.380859 0.564925 0.120117 0.697015
0 0.389160 0.562313 0.156250 0.808209
0 0.431152 0.440299 0.124023 0.676119
0 0.609619 0.501119 0.104004 0.490299
