0 0.085938 0.137153 0.052734 0.274306
0 0.037598 0.155382 0.053711 0.289931
0 0.086914 0.187500 0.058594 0.250000
0 0.134766 0.197049 0.054688 0.255208
0 0.137207 0.089410 0.047852 0.178819
0 0.179688 0.098090 0.054688 0.196181
0 0.235352 0.119792 0.046875 0.239583
0 0.204102 0.361979 0.056641 0.300347
0 0.265625 0.349826 0.054688 0.307292
0 0.297852 0.408854 0.056641 0.293403
0 0.396484 0.363715 0.113281 0.286458
0 0.401855 0.354167 0.057617 0.274306
0 0.475586 0.366319 0.066406 0.277778
0 0.536133 0.367188 0.060547 0.272569
0 0.480957 0.186632 0.059570 0.286458
0 0.535156 0.134549 0.054688 0.230903
0 0.544434 0.194444 0.075195 0.298611
0 0.615723 0.202257 0.063477 0.293403
0 0.690430 0.140625 0.066406 0.281250
0 0.709473 0.195312 0.047852 0.244792
0 0.751953 0.142361 0.052734 0.270833
0 0.781250 0.191840 0.072266 0.286458
0 0.833496 0.164062 0.061523 0.328125
0 0.843750 0.194444 0.046875 0.267361
0 0.893555 0.177083 0.058594 0.326389
0 0.955566 0.183160 0.057617 0.293403
0 0.937500 0.153646 0.058594 0.307292
0 0.244629 0.685764 0.225586 0.552083
0 0.236328 0.585069 0.132812 0.704861
0 0.228516 0.736111 0.158203 0.454861
0 0.392090 0.618056 0.116211 0.656250
0 0.341797 0.751736 0.080078 0.413194
0 0.399902 0.677951 0.094727 0.557292
0 0.406250 0.736979 0.082031 0.435764
0 0.444824 0.737847 0.084961 0.440972
0 0.462891 0.684896 0.095703 0.522569
0 0.504883 0.674479 0.082031 0.550347
0 0.522949 0.747396 0.090820 0.418403
0 0.527832 0.703993 0.102539 0.498264
0 0.565430 0.680556 0.080078 0.541667
0 0.604980 0.702257 0.098633 0.501736
0 0.602051 0.747396 0.086914 0.411458
0 0.655273 0.750868 0.074219 0.414931
0 0.628418 0.639757 0.127930 0.626736
0 0.691895 0.697049 0.118164 0.526042
0 0.735352 0.611111 0.078125 0.430556
0 0.318359 0.675347 0.087891 0.510417
