0 0.039583 0.609722 0.079167 0.217593
0 0.056771 0.661111 0.030208 0.122222
0 0.101562 0.657870 0.030208 0.134259
0 0.126042 0.653704 0.039583 0.146296
0 0.159635 0.658796 0.028646 0.137963
0 0.249479 0.584722 0.096875 0.306481
0 0.270573 0.671759 0.023438 0.128704
0 0.482031 0.637500 0.053646 0.200926
0 0.514583 0.615278 0.097917 0.237963
0 0.582292 0.607407 0.097917 0.253704
0 0.633854 0.636111 0.073958 0.200000
0 0.674479 0.645833 0.073958 0.189815
0 0.724219 0.637500 0.055729 0.212037
0 0.813802 0.690278 0.024479 0.108333
0 0.822396 0.683796 0.012500 0.084259
0 0.855469 0.668056 0.076563 0.150926
0 0.865625 0.662037 0.050000 0.170370
0 0.870313 0.650000 0.059375 0.192593
0 0.891927 0.684722 0.023438 0.121296
0 0.925000 0.657870 0.052083 0.178704
