0 0.960625 0.742026 0.078750 0.515947
0 0.928125 0.769231 0.041250 0.146341
0 0.895625 0.772045 0.038750 0.144465
0 0.815625 0.771107 0.041250 0.138837
0 0.737500 0.763602 0.145000 0.405253
0 0.664375 0.766417 0.131250 0.294559
0 0.503125 0.730769 0.071250 0.298311
0 0.466875 0.700750 0.096250 0.410882
0 0.195625 0.706379 0.141250 0.587242
0 0.059375 0.772045 0.118750 0.392120
0 0.163125 0.746717 0.193750 0.491557
0 0.227500 0.715760 0.085000 0.350844
0 0.404375 0.718574 0.066250 0.225141
0 0.091250 0.755159 0.097500 0.223265
0 0.915000 0.717636 0.025000 0.099437
0 0.886875 0.713884 0.036250 0.106942
0 0.840625 0.728893 0.048750 0.125704
0 0.784375 0.771107 0.031250 0.123827
0 0.799375 0.733583 0.036250 0.123827
0 0.793750 0.704503 0.030000 0.095685
0 0.934375 0.696060 0.023750 0.078799
0 0.825625 0.699812 0.028750 0.086304
0 0.863750 0.687617 0.035000 0.103189
0 0.835000 0.684803 0.032500 0.108818
0 0.801875 0.686679 0.033750 0.097561
0 0.800000 0.657598 0.042500 0.080675
0 0.837500 0.658537 0.035000 0.082552
0 0.886250 0.651032 0.045000 0.101313
0 0.915000 0.656660 0.030000 0.086304
0 0.930625 0.611632 0.031250 0.078799
0 0.903750 0.622889 0.035000 0.078799
0 0.876250 0.618199 0.030000 0.076923
0 0.835625 0.636023 0.033750 0.090056
0 0.796875 0.645403 0.038750 0.101313
0 0.792500 0.621013 0.032500 0.082552
0 0.819375 0.597561 0.028750 0.073171
0 0.848750 0.603189 0.027500 0.080675
0 0.871875 0.604128 0.033750 0.086304
0 0.901250 0.602251 0.032500 0.067542
0 0.921875 0.584428 0.028750 0.084428
0 0.951250 0.590994 0.027500 0.071295
0 0.921875 0.545966 0.046250 0.116323
0 0.870000 0.582552 0.025000 0.069418
0 0.858750 0.574109 0.030000 0.075047
0 0.834375 0.590056 0.023750 0.061914
0 0.803750 0.592871 0.022500 0.060038
0 0.816250 0.567542 0.030000 0.073171
0 0.778750 0.575047 0.032500 0.091932
0 0.733125 0.769231 0.038750 0.127580
0 0.703125 0.741088 0.038750 0.086304
0 0.701875 0.687617 0.028750 0.073171
0 0.698125 0.673546 0.026250 0.075047
0 0.675000 0.670732 0.025000 0.073171
0 0.691875 0.638837 0.033750 0.084428
0 0.655625 0.647280 0.031250 0.082552
0 0.745625 0.608818 0.028750 0.076923
0 0.749375 0.581614 0.026250 0.086304
0 0.720000 0.572233 0.030000 0.075047
0 0.698750 0.590994 0.025000 0.060038
0 0.697500 0.574109 0.025000 0.075047
0 0.673750 0.579737 0.030000 0.082552
0 0.673125 0.606942 0.026250 0.073171
0 0.668750 0.591932 0.022500 0.065666
0 0.631250 0.760788 0.045000 0.125704
0 0.597500 0.757974 0.047500 0.123827
0 0.630625 0.725141 0.036250 0.091932
0 0.601250 0.698874 0.047500 0.099437
0 0.560000 0.749531 0.045000 0.129456
0 0.530000 0.749531 0.047500 0.129456
0 0.571250 0.688555 0.035000 0.101313
0 0.623125 0.658537 0.028750 0.086304
0 0.600625 0.654784 0.028750 0.086304
0 0.576250 0.672608 0.032500 0.084428
0 0.569375 0.655722 0.028750 0.088180
0 0.543750 0.677298 0.027500 0.082552
0 0.356250 0.746717 0.037500 0.101313
0 0.295625 0.736398 0.041250 0.110694
0 0.256250 0.737336 0.035000 0.101313
0 0.330625 0.686679 0.033750 0.093809
0 0.356875 0.691370 0.036250 0.091932
0 0.297500 0.688555 0.040000 0.090056
0 0.276250 0.687617 0.032500 0.095685
0 0.411875 0.736398 0.036250 0.125704
0 0.418750 0.674484 0.025000 0.088180
0 0.380000 0.668856 0.022500 0.080675
0 0.358750 0.658537 0.032500 0.105066
0 0.343125 0.655722 0.023750 0.080675
0 0.318125 0.653846 0.028750 0.088180
0 0.291875 0.648218 0.023750 0.069418
0 0.631250 0.633208 0.027500 0.073171
0 0.658125 0.625704 0.026250 0.076923
0 0.634375 0.622889 0.026250 0.075047
0 0.610000 0.624765 0.025000 0.078799
0 0.583125 0.634146 0.026250 0.071295
0 0.592500 0.625704 0.025000 0.073171
0 0.613125 0.610694 0.023750 0.076923
0 0.631875 0.601313 0.021250 0.065666
0 0.649375 0.598499 0.023750 0.067542
0 0.645000 0.570356 0.022500 0.067542
0 0.619375 0.575985 0.023750 0.071295
0 0.535625 0.659475 0.021250 0.073171
0 0.556875 0.636023 0.023750 0.075047
0 0.542500 0.633208 0.025000 0.080675
0 0.569375 0.605066 0.026250 0.080675
0 0.588125 0.606004 0.026250 0.075047
0 0.598125 0.595685 0.023750 0.069418
0 0.582500 0.594747 0.020000 0.071295
0 0.547500 0.599437 0.022500 0.061914
0 0.523750 0.621951 0.022500 0.065666
0 0.530000 0.604128 0.022500 0.071295
0 0.598125 0.578799 0.021250 0.073171
0 0.570625 0.580675 0.023750 0.069418
0 0.555625 0.588180 0.021250 0.061914
0 0.551875 0.577861 0.023750 0.071295
0 0.534375 0.578799 0.023750 0.073171
0 0.463750 0.551595 0.032500 0.093809
0 0.497500 0.598499 0.032500 0.075047
0 0.472500 0.591932 0.030000 0.080675
0 0.468750 0.656660 0.030000 0.086304
0 0.393125 0.650094 0.026250 0.088180
0 0.405000 0.634146 0.027500 0.082552
0 0.379375 0.635084 0.028750 0.088180
0 0.386875 0.577861 0.026250 0.093809
0 0.353125 0.583490 0.036250 0.108818
0 0.415625 0.576923 0.023750 0.125704
0 0.415625 0.559099 0.023750 0.123827
0 0.425625 0.548780 0.023750 0.103189
0 0.390000 0.565666 0.027500 0.110694
0 0.396250 0.546904 0.025000 0.118199
0 0.389375 0.555347 0.023750 0.116323
0 0.371250 0.579737 0.025000 0.123827
0 0.375625 0.566604 0.028750 0.135084
0 0.264375 0.651970 0.018750 0.073171
0 0.255000 0.630394 0.032500 0.116323
0 0.271875 0.627580 0.023750 0.121951
0 0.290625 0.627580 0.023750 0.125704
0 0.302500 0.605066 0.025000 0.133208
0 0.323125 0.597561 0.026250 0.110694
0 0.336875 0.597561 0.018750 0.121951
0 0.348125 0.574109 0.028750 0.127580
0 0.354375 0.565666 0.031250 0.133208
0 0.123750 0.721388 0.030000 0.110694
0 0.121250 0.697936 0.027500 0.146341
0 0.096875 0.698874 0.031250 0.144465
0 0.025625 0.705441 0.033750 0.135084
0 0.111875 0.643527 0.028750 0.138837
0 0.096250 0.654784 0.030000 0.112570
0 0.317500 0.581614 0.027500 0.131332
0 0.683750 0.620075 0.032500 0.084428
