0 0.859863 0.727672 0.239258 0.392387
0 0.819824 0.691069 0.168945 0.363104
0 0.763672 0.661054 0.111328 0.329429
0 0.838379 0.532211 0.100586 0.428990
0 0.725586 0.496340 0.072266 0.351391
0 0.659668 0.508785 0.088867 0.346999
0 0.620117 0.605417 0.103516 0.300146
0 0.541016 0.617130 0.078125 0.291362
0 0.471680 0.620059 0.089844 0.303075
0 0.406250 0.643485 0.093750 0.332357
0 0.275391 0.672767 0.130859 0.446559
0 0.121582 0.579063 0.125977 0.452416
0 0.145996 0.526354 0.079102 0.408492
0 0.222168 0.532211 0.079102 0.364568
0 0.253906 0.527086 0.072266 0.348463
0 0.308105 0.523426 0.065430 0.332357
0 0.354004 0.508785 0.075195 0.335286
0 0.413574 0.502928 0.065430 0.303075
0 0.461914 0.491947 0.062500 0.310395
0 0.512695 0.513909 0.076172 0.330893
0 0.553223 0.487555 0.067383 0.325037
0 0.581543 0.492679 0.079102 0.332357
0 0.386230 0.546120 0.073242 0.310395
0 0.451660 0.554905 0.071289 0.313324
