0 0.963542 0.611786 0.072917 0.410687
0 0.975260 0.544174 0.049479 0.102238
0 0.986400 0.492959 0.027199 0.083526
0 0.979601 0.467978 0.040799 0.065586
0 0.964410 0.448978 0.071181 0.080054
0 0.991030 0.440104 0.017940 0.071952
0 0.919271 0.453125 0.056134 0.066744
0 0.860966 0.408083 0.069155 0.053434
0 0.835648 0.409915 0.046875 0.051698
0 0.819300 0.439622 0.047743 0.063657
0 0.856626 0.463059 0.046586 0.066165
0 0.868779 0.468171 0.054688 0.076003
0 0.890336 0.450810 0.050347 0.067130
0 0.903501 0.538098 0.104456 0.116705
0 0.755353 0.580150 0.239873 0.389468
0 0.673177 0.574074 0.175058 0.248071
0 0.623698 0.529514 0.070891 0.089506
0 0.706742 0.491995 0.037905 0.057677
0 0.739294 0.439911 0.064236 0.078125
0 0.728877 0.411169 0.070023 0.069637
0 0.676215 0.411844 0.066551 0.064815
0 0.607060 0.454090 0.046875 0.062500
0 0.665943 0.456308 0.059317 0.067708
0 0.644965 0.454861 0.043981 0.057870
0 0.625723 0.440104 0.039641 0.051890
0 0.621238 0.529032 0.067708 0.085841
0 0.573929 0.520833 0.082465 0.096451
0 0.535156 0.477816 0.042535 0.059414
0 0.511429 0.419464 0.036748 0.048032
0 0.570457 0.413098 0.052951 0.059221
0 0.440394 0.485243 0.346644 0.354360
0 0.339410 0.518229 0.099537 0.168789
0 0.342882 0.437404 0.059606 0.057292
0 0.288773 0.501833 0.095486 0.081983
0 0.159433 0.634356 0.318866 0.384452
0 0.109230 0.524498 0.105035 0.211806
0 0.178675 0.451678 0.041956 0.049576
0 0.147859 0.446277 0.037037 0.049576
0 0.063223 0.470004 0.043113 0.056520
