0 0.144898 0.363750 0.087755 0.402500
0 0.239286 0.233750 0.072449 0.467500
0 0.226531 0.460000 0.091837 0.425000
0 0.310714 0.353750 0.094898 0.427500
0 0.227041 0.392500 0.086735 0.435000
0 0.185204 0.335000 0.056122 0.350000
0 0.154082 0.362500 0.063265 0.340000
0 0.361735 0.347500 0.060204 0.390000
0 0.410714 0.393750 0.062245 0.467500
0 0.398469 0.386250 0.056122 0.437500
0 0.466327 0.408750 0.106122 0.387500
0 0.529082 0.370000 0.060204 0.365000
0 0.593878 0.370000 0.055102 0.385000
0 0.639286 0.357500 0.050000 0.345000
0 0.924490 0.546250 0.053061 0.422500
0 0.962245 0.625000 0.055102 0.430000
0 0.965816 0.453750 0.037755 0.417500
0 0.213265 0.353750 0.069388 0.322500
0 0.493367 0.357500 0.064286 0.250000
