0 0.091936 0.558442 0.084370 0.194488
0 0.085614 0.525499 0.071725 0.186253
0 0.162935 0.535952 0.174544 0.627811
0 0.230825 0.517105 0.079809 0.166931
0 0.276534 0.500317 0.106551 0.173899
0 0.312707 0.489072 0.112977 0.171048
0 0.394590 0.465949 0.135365 0.160279
0 0.458541 0.445518 0.200249 0.156161
0 0.525601 0.418752 0.105929 0.184352
0 0.607794 0.422711 0.095357 0.154894
0 0.701182 0.630820 0.349710 0.716186
0 0.790941 0.366170 0.067786 0.150143
0 0.826182 0.359994 0.053690 0.145391
0 0.895108 0.420177 0.099502 0.406398
0 0.973673 0.307095 0.038143 0.194805
