0 0.151562 0.635000 0.171875 0.730000
0 0.218750 0.622500 0.168750 0.755000
0 0.137500 0.475833 0.165625 0.681667
0 0.103125 0.398333 0.100000 0.496667
0 0.098828 0.147500 0.057031 0.241667
0 0.197266 0.474167 0.133594 0.725000
0 0.261328 0.400000 0.061719 0.413333
0 0.305469 0.405833 0.107813 0.638333
0 0.305859 0.647500 0.102344 0.671667
0 0.330859 0.625000 0.113281 0.633333
0 0.437109 0.710833 0.307031 0.578333
0 0.396875 0.396667 0.106250 0.666667
0 0.428516 0.596667 0.116406 0.766667
0 0.471484 0.361667 0.061719 0.533333
0 0.510156 0.503333 0.101562 0.706667
0 0.519531 0.637500 0.107813 0.708333
0 0.543359 0.393333 0.057031 0.476667
0 0.518359 0.555833 0.163281 0.888333
0 0.554688 0.315833 0.046875 0.395000
0 0.591016 0.361667 0.055469 0.403333
0 0.610547 0.360000 0.080469 0.520000
0 0.583203 0.487500 0.069531 0.521667
0 0.597266 0.597500 0.105469 0.805000
0 0.643750 0.551667 0.092188 0.666667
0 0.666016 0.391667 0.052344 0.350000
0 0.649219 0.327500 0.043750 0.308333
0 0.671875 0.330833 0.053125 0.368333
0 0.673828 0.641667 0.177344 0.716667
0 0.700391 0.578333 0.185156 0.843333
0 0.761328 0.646667 0.108594 0.706667
0 0.760547 0.365833 0.097656 0.575000
0 0.790234 0.507500 0.094531 0.781667
0 0.760938 0.348333 0.081250 0.456667
0 0.803516 0.412500 0.058594 0.418333
0 0.819141 0.320833 0.046094 0.325000
0 0.834766 0.366667 0.047656 0.333333
0 0.834766 0.610000 0.078906 0.696667
0 0.826172 0.616667 0.189844 0.766667
0 0.876563 0.671667 0.139063 0.656667
0 0.882812 0.388333 0.057813 0.443333
0 0.893750 0.553333 0.095312 0.550000
0 0.912500 0.318333 0.073438 0.336667
0 0.950781 0.453333 0.060937 0.386667
0 0.961328 0.597500 0.077344 0.795000
0 0.941797 0.673333 0.116406 0.653333
0 0.948438 0.785833 0.103125 0.428333
