0 0.134167 0.325185 0.063333 0.277037
0 0.057083 0.342963 0.052500 0.170370
0 0.106250 0.511111 0.120833 0.314074
0 0.297500 0.528889 0.118333 0.352593
0 0.280417 0.444444 0.087500 0.248889
0 0.408750 0.465185 0.089167 0.367407
0 0.388750 0.334074 0.044167 0.247407
0 0.422083 0.332593 0.039167 0.158519
0 0.460417 0.453333 0.087500 0.287407
0 0.525000 0.430370 0.078333 0.226667
0 0.567083 0.581481 0.127500 0.398519
0 0.599583 0.339259 0.044167 0.198519
0 0.640417 0.331111 0.044167 0.214815
0 0.676667 0.339259 0.041667 0.219259
0 0.612083 0.479259 0.084167 0.265185
0 0.683333 0.527407 0.115000 0.311111
0 0.696667 0.369630 0.055000 0.158519
0 0.738750 0.465185 0.092500 0.281481
0 0.781250 0.379259 0.055833 0.198519
