0 0.785156 0.847917 0.031250 0.118056
0 0.780859 0.842361 0.021094 0.112500
0 0.670312 0.726389 0.018750 0.077778
0 0.800781 0.659028 0.028125 0.034722
0 0.773828 0.777778 0.011719 0.052778
0 0.780859 0.771528 0.017969 0.062500
0 0.786328 0.771528 0.017969 0.062500
0 0.638672 0.676389 0.014844 0.052778
0 0.613672 0.649306 0.011719 0.059722
0 0.545703 0.767361 0.013281 0.087500
0 0.536328 0.767361 0.014844 0.084722
0 0.525000 0.763194 0.018750 0.084722
0 0.305078 0.861111 0.021094 0.105556
0 0.225000 0.802083 0.018750 0.090278
0 0.210547 0.816667 0.021094 0.102778
0 0.196094 0.867361 0.020313 0.084722
0 0.177734 0.854167 0.024219 0.122222
0 0.186328 0.830556 0.013281 0.091667
0 0.173828 0.818056 0.019531 0.113889
0 0.147656 0.843750 0.015625 0.095833
