0 0.029231 0.316230 0.058462 0.201047
0 0.058462 0.323560 0.058462 0.198953
0 0.162692 0.322513 0.042308 0.178010
0 0.279231 0.319895 0.066154 0.200000
0 0.349231 0.318848 0.041538 0.160209
0 0.513462 0.312565 0.039231 0.170681
0 0.532308 0.325131 0.030769 0.120419
0 0.673846 0.316754 0.038462 0.170681
0 0.696923 0.318848 0.046154 0.176963
0 0.753462 0.340314 0.040769 0.131937
0 0.901923 0.332984 0.034615 0.134031
0 0.952692 0.328796 0.062308 0.230366
0 0.988846 0.330890 0.022308 0.194764
0 0.362692 0.360209 0.140769 0.322513
0 0.373462 0.376440 0.273077 0.434555
0 0.521154 0.375916 0.291538 0.523560
