0 0.015625 0.567542 0.031250 0.166979
0 0.037500 0.571295 0.037500 0.163227
0 0.049375 0.573171 0.028750 0.159475
0 0.086250 0.579737 0.030000 0.146341
0 0.098125 0.565666 0.028750 0.148218
0 0.138750 0.575985 0.035000 0.161351
0 0.150000 0.562852 0.025000 0.150094
0 0.114375 0.603189 0.073750 0.159475
0 0.249375 0.581614 0.033750 0.146341
0 0.251875 0.576923 0.031250 0.144465
0 0.320000 0.636023 0.090000 0.251407
0 0.185000 0.587242 0.112500 0.469043
0 0.391875 0.571295 0.026250 0.185741
0 0.358125 0.584428 0.071250 0.305816
0 0.441250 0.616323 0.107500 0.429644
0 0.490625 0.590994 0.038750 0.176360
0 0.500000 0.591932 0.030000 0.163227
0 0.530625 0.592871 0.053750 0.180113
0 0.562500 0.586304 0.037500 0.181989
0 0.578750 0.587242 0.080000 0.277674
0 0.603125 0.584428 0.041250 0.208255
0 0.616250 0.595685 0.035000 0.185741
0 0.635000 0.586304 0.035000 0.193246
0 0.642500 0.599437 0.055000 0.185741
0 0.683125 0.594747 0.048750 0.206379
0 0.717500 0.596623 0.047500 0.210131
0 0.746250 0.595685 0.045000 0.212008
0 0.781875 0.642589 0.033750 0.121951
0 0.775625 0.572233 0.036250 0.138837
0 0.731250 0.549719 0.035000 0.195122
0 0.715000 0.554409 0.035000 0.181989
0 0.690625 0.590994 0.028750 0.195122
0 0.651875 0.587242 0.046250 0.202627
0 0.693125 0.542214 0.033750 0.172608
0 0.672500 0.545028 0.035000 0.170732
0 0.640000 0.534709 0.037500 0.176360
0 0.613750 0.534709 0.032500 0.168856
0 0.605625 0.530019 0.033750 0.178236
0 0.570000 0.542214 0.022500 0.161351
0 0.556875 0.541276 0.033750 0.163227
0 0.543125 0.534709 0.026250 0.131332
0 0.518750 0.550657 0.035000 0.144465
0 0.511250 0.533771 0.030000 0.133208
0 0.500625 0.532833 0.028750 0.146341
0 0.490000 0.510319 0.032500 0.135084
0 0.481875 0.486867 0.028750 0.136961
0 0.490000 0.490619 0.027500 0.133208
0 0.515000 0.491557 0.030000 0.131332
0 0.535000 0.495310 0.027500 0.123827
0 0.547500 0.506567 0.022500 0.131332
0 0.569375 0.498124 0.026250 0.125704
0 0.575625 0.497186 0.021250 0.116323
0 0.534375 0.471857 0.028750 0.125704
0 0.554375 0.471857 0.033750 0.129456
0 0.578750 0.473734 0.032500 0.136961
0 0.544375 0.452158 0.021250 0.108818
0 0.565625 0.461538 0.021250 0.097561
0 0.566875 0.434334 0.026250 0.121951
0 0.588750 0.457786 0.037500 0.142589
0 0.613125 0.474672 0.031250 0.135084
0 0.624375 0.481238 0.033750 0.144465
0 0.638125 0.481238 0.026250 0.140713
0 0.649375 0.477486 0.028750 0.140713
0 0.653125 0.502814 0.026250 0.146341
0 0.660625 0.518762 0.026250 0.155722
0 0.671875 0.493433 0.028750 0.142589
0 0.683750 0.504690 0.030000 0.138837
0 0.710000 0.503752 0.035000 0.136961
0 0.730000 0.500938 0.035000 0.150094
0 0.710625 0.494371 0.033750 0.148218
0 0.698750 0.487805 0.030000 0.165103
0 0.676250 0.477486 0.037500 0.159475
0 0.588125 0.437148 0.031250 0.131332
0 0.610000 0.438086 0.032500 0.136961
0 0.596875 0.416510 0.021250 0.112570
0 0.611250 0.402439 0.027500 0.114447
0 0.629375 0.424015 0.038750 0.127580
0 0.648125 0.431520 0.033750 0.120075
0 0.670000 0.439024 0.035000 0.127580
0 0.675625 0.411820 0.033750 0.125704
0 0.703125 0.412758 0.043750 0.131332
0 0.716875 0.439962 0.033750 0.136961
0 0.716250 0.458724 0.035000 0.136961
0 0.727500 0.465291 0.030000 0.127580
0 0.742500 0.481238 0.027500 0.136961
0 0.750000 0.479362 0.025000 0.121951
0 0.761875 0.492495 0.031250 0.151970
0 0.768750 0.469043 0.025000 0.135084
0 0.752500 0.453096 0.032500 0.151970
0 0.735000 0.436210 0.027500 0.133208
0 0.741875 0.406191 0.036250 0.140713
0 0.718125 0.403377 0.036250 0.146341
0 0.741875 0.392120 0.041250 0.142589
0 0.784375 0.378049 0.028750 0.125704
0 0.813125 0.373358 0.036250 0.153846
0 0.815625 0.594747 0.136250 0.525328
0 0.846250 0.510319 0.240000 0.979362
0 0.965000 0.635084 0.070000 0.365854
0 0.975625 0.500000 0.048750 0.204503
0 0.976875 0.474672 0.046250 0.195122
0 0.966875 0.446529 0.038750 0.176360
0 0.988125 0.444653 0.023750 0.176360
0 0.964375 0.400563 0.038750 0.170732
0 0.986250 0.401501 0.027500 0.168856
0 0.977500 0.397749 0.027500 0.168856
0 0.951250 0.359287 0.035000 0.170732
0 0.979375 0.355535 0.038750 0.174484
0 0.638125 0.507505 0.033750 0.136961
