0 0.813281 0.789227 0.085938 0.421546
0 0.575781 0.735363 0.129688 0.529274
0 0.462500 0.799766 0.165625 0.400468
0 0.250781 0.796253 0.126562 0.407494
0 0.302344 0.769321 0.095312 0.377049
0 0.064844 0.786885 0.129688 0.426230
0 0.096094 0.774005 0.129688 0.451991
0 0.050000 0.797424 0.093750 0.405152
0 0.124219 0.699063 0.039062 0.185012
0 0.384375 0.744731 0.062500 0.262295
0 0.513281 0.727166 0.070312 0.297424
0 0.460938 0.755269 0.100000 0.405152
0 0.653906 0.782201 0.132812 0.332553
0 0.602344 0.738876 0.076563 0.283372
0 0.659375 0.741218 0.062500 0.283372
0 0.871094 0.697892 0.035937 0.159251
0 0.977344 0.742389 0.045312 0.262295
0 0.957812 0.743560 0.059375 0.255269
0 0.932031 0.693208 0.042188 0.168618
0 0.957812 0.694379 0.046875 0.180328
0 0.342969 0.687354 0.026562 0.124122
0 0.364063 0.687354 0.028125 0.119438
0 0.408594 0.686183 0.026562 0.117096
0 0.223438 0.660422 0.025000 0.112412
0 0.702344 0.681499 0.029687 0.117096
0 0.725781 0.680328 0.026562 0.119438
0 0.747656 0.682670 0.032813 0.114754
0 0.771875 0.680328 0.025000 0.119438
0 0.786719 0.681499 0.023438 0.112412
0 0.537500 0.768150 0.084375 0.346604
