0 0.586373 0.617117 0.192060 0.651652
0 0.469957 0.537538 0.133047 0.438438
0 0.156652 0.615616 0.130901 0.480480
0 0.197961 0.529279 0.074034 0.385886
0 0.065987 0.602102 0.131974 0.612613
0 0.127146 0.535285 0.093348 0.481982
0 0.141094 0.515015 0.080472 0.426426
0 0.218884 0.502252 0.113734 0.391892
0 0.245172 0.454955 0.082618 0.339339
0 0.219957 0.469219 0.109442 0.382883
0 0.259120 0.437688 0.059013 0.298799
0 0.265558 0.413664 0.065451 0.304805
0 0.273069 0.387387 0.052575 0.279279
0 0.303648 0.383634 0.057940 0.265766
0 0.340665 0.373874 0.054721 0.264264
0 0.372318 0.368619 0.062232 0.241742
0 0.401288 0.340090 0.042918 0.238739
0 0.430794 0.369369 0.052575 0.276276
0 0.472103 0.376877 0.066524 0.267267
0 0.521459 0.375375 0.060086 0.303303
0 0.568133 0.385135 0.069742 0.328829
0 0.626073 0.392643 0.067597 0.370871
0 0.665773 0.458709 0.065451 0.343844
0 0.718348 0.451952 0.093348 0.429429
0 0.763412 0.506006 0.149142 0.471471
0 0.768240 0.564565 0.133047 0.459459
0 0.757511 0.497748 0.107296 0.373874
0 0.829399 0.596096 0.128755 0.501502
0 0.863197 0.729730 0.267167 0.540541
0 0.865880 0.676426 0.175966 0.647147
0 0.888948 0.706456 0.136266 0.587087
0 0.866416 0.455706 0.114807 0.506006
0 0.798820 0.425676 0.127682 0.518018
0 0.093348 0.466216 0.070815 0.430931
0 0.155043 0.354354 0.069742 0.315315
0 0.051502 0.379129 0.072961 0.340841
0 0.251609 0.330330 0.061159 0.285285
0 0.218348 0.340841 0.056867 0.264264
0 0.182940 0.336336 0.061159 0.324324
0 0.299893 0.346096 0.050429 0.241742
0 0.355150 0.335586 0.062232 0.259760
0 0.411481 0.310811 0.059013 0.270270
0 0.454936 0.327327 0.055794 0.267267
0 0.489270 0.337087 0.042918 0.235736
0 0.484979 0.296547 0.049356 0.265766
0 0.564914 0.301802 0.056867 0.246246
0 0.621245 0.343844 0.066524 0.324324
0 0.670601 0.361111 0.070815 0.343844
0 0.716202 0.438438 0.080472 0.453453
0 0.689914 0.361111 0.066524 0.325826
0 0.101395 0.388889 0.095494 0.324324
0 0.336910 0.340090 0.053648 0.256757
0 0.422747 0.345345 0.038627 0.237237
0 0.452790 0.343844 0.042918 0.240240
0 0.960300 0.606607 0.079399 0.609610
0 0.068670 0.713964 0.137339 0.572072
0 0.787554 0.362613 0.070815 0.316817
0 0.221567 0.388138 0.067597 0.268769
