0 0.058364 0.497141 0.076900 0.208333
0 0.169271 0.495098 0.045037 0.227124
0 0.195006 0.496528 0.050551 0.176062
0 0.246783 0.535335 0.091605 0.287990
0 0.234069 0.518178 0.078431 0.255310
0 0.285999 0.489583 0.063419 0.194036
0 0.420803 0.529208 0.066483 0.214461
0 0.395374 0.494485 0.046262 0.157271
0 0.446691 0.525327 0.075980 0.209967
0 0.513634 0.530433 0.074449 0.226716
0 0.575368 0.525735 0.066176 0.214052
0 0.563113 0.472426 0.061275 0.190768
0 0.688266 0.505923 0.044424 0.176879
0 0.910692 0.527574 0.071385 0.286356
0 0.946844 0.509191 0.047488 0.180147
0 0.874694 0.490809 0.037990 0.140931
