0 0.032890 0.388310 0.065779 0.258102
0 0.058642 0.386574 0.078318 0.256366
0 0.047647 0.274016 0.070602 0.253472
0 0.121335 0.406973 0.074460 0.216725
0 0.157215 0.232784 0.074074 0.216725
0 0.177566 0.342882 0.059992 0.241319
0 0.226659 0.350405 0.069059 0.230324
0 0.275463 0.342882 0.056327 0.264468
0 0.318287 0.233218 0.056327 0.215278
0 0.371046 0.207755 0.081597 0.208912
0 0.328221 0.332899 0.070023 0.209780
0 0.408372 0.262297 0.066744 0.213252
0 0.471451 0.262442 0.066744 0.210069
0 0.421489 0.375434 0.101466 0.267072
0 0.545042 0.261863 0.086227 0.206019
0 0.607253 0.209780 0.078318 0.227431
0 0.646026 0.207031 0.082948 0.208044
0 0.772859 0.210069 0.086227 0.259838
0 0.848573 0.260995 0.070602 0.221065
0 0.868248 0.210069 0.064429 0.208912
0 0.914062 0.210214 0.061535 0.204572
0 0.957369 0.207899 0.058642 0.201678
0 0.819059 0.389178 0.081790 0.261574
0 0.870853 0.389902 0.078125 0.389178
0 0.949846 0.388021 0.087191 0.263889
0 0.987847 0.387442 0.024306 0.256366
0 0.641493 0.562500 0.233603 0.501157
0 0.423708 0.520399 0.242863 0.403067
0 0.450039 0.749566 0.311343 0.418113
0 0.255401 0.683738 0.259645 0.545718
0 0.163677 0.860677 0.327353 0.278646
