0 0.384677 0.533719 0.582258 0.932563
0 0.851613 0.636802 0.296774 0.726397
0 0.960484 0.633911 0.079032 0.439306
0 0.740323 0.570328 0.038710 0.115607
0 0.434677 0.623314 0.285484 0.753372
0 0.021774 0.643545 0.040323 0.088632
0 0.039516 0.643545 0.033871 0.080925
0 0.041129 0.618497 0.030645 0.080925
0 0.089516 0.633911 0.030645 0.080925
0 0.097581 0.585742 0.033871 0.088632
0 0.112903 0.636802 0.029032 0.075145
0 0.125000 0.614644 0.027419 0.088632
0 0.149194 0.607900 0.033871 0.086705
0 0.171774 0.625241 0.037097 0.098266
0 0.208871 0.624277 0.040323 0.096339
0 0.191129 0.608863 0.030645 0.077071
0 0.241129 0.599229 0.030645 0.084778
0 0.288710 0.596339 0.041935 0.132948
0 0.066129 0.643545 0.025806 0.065511
