0 0.033409 0.564758 0.066818 0.368780
0 0.072727 0.556919 0.057273 0.248125
0 0.131591 0.562713 0.058636 0.235174
0 0.268636 0.560327 0.180000 0.428085
0 0.217045 0.537832 0.060455 0.284935
0 0.342955 0.502727 0.052273 0.157464
0 0.399318 0.541922 0.087727 0.440354
0 0.591136 0.571234 0.126818 0.383095
0 0.741591 0.538514 0.064091 0.328562
0 0.808636 0.544649 0.059091 0.316292
0 0.855909 0.595774 0.066364 0.218132
0 0.909773 0.596796 0.063182 0.218814
0 0.963636 0.554192 0.060909 0.301295
0 0.993636 0.558964 0.012727 0.271302
0 0.968409 0.503067 0.063182 0.257669
0 0.907045 0.488753 0.056818 0.226312
0 0.937727 0.462849 0.053636 0.229039
0 0.977273 0.461827 0.045455 0.233810
0 0.978182 0.416155 0.043636 0.224267
0 0.961591 0.384117 0.050455 0.214724
0 0.922273 0.375596 0.071818 0.200409
0 0.847727 0.372188 0.067273 0.207226
0 0.790682 0.463531 0.065000 0.244035
0 0.818636 0.380709 0.048182 0.182004
0 0.777727 0.384117 0.051818 0.191547
0 0.738182 0.369802 0.054545 0.194274
0 0.745455 0.432515 0.057273 0.188821
0 0.713636 0.417860 0.044545 0.155419
0 0.691591 0.387526 0.045909 0.165644
0 0.673409 0.403204 0.046818 0.154738
0 0.669318 0.447512 0.060455 0.139741
0 0.654773 0.585549 0.081364 0.241309
0 0.550682 0.593047 0.075000 0.207226
0 0.506591 0.591684 0.059545 0.209952
0 0.466364 0.594070 0.048182 0.195637
0 0.494773 0.542263 0.045909 0.175187
0 0.567500 0.556919 0.068636 0.208589
0 0.567955 0.504090 0.069545 0.222904
0 0.557045 0.480232 0.068636 0.199727
0 0.622727 0.476823 0.050000 0.199727
0 0.629545 0.432175 0.057273 0.189502
0 0.621818 0.389571 0.049091 0.173824
0 0.661364 0.388889 0.052727 0.172461
0 0.586364 0.386844 0.053636 0.172461
0 0.592727 0.425358 0.050000 0.171779
0 0.555682 0.431493 0.051364 0.169052
0 0.552955 0.405930 0.047727 0.171097
0 0.515909 0.455351 0.041818 0.162236
0 0.523409 0.392638 0.042273 0.154056
0 0.496818 0.385140 0.039091 0.147239
0 0.472500 0.379686 0.036818 0.137696
0 0.441364 0.388889 0.040909 0.137014
0 0.428182 0.433538 0.037273 0.162236
0 0.442500 0.461827 0.043182 0.145194
0 0.458182 0.424335 0.040000 0.146558
0 0.486364 0.420586 0.038182 0.137696
