0 0.702500 0.609286 0.309000 0.527143
0 0.917000 0.418571 0.080000 0.254286
0 0.823000 0.439286 0.088000 0.261429
0 0.755500 0.310714 0.059000 0.224286
0 0.606000 0.449286 0.160000 0.290000
0 0.502500 0.415000 0.149000 0.278571
0 0.598000 0.267857 0.032000 0.075714
0 0.570000 0.264286 0.028000 0.068571
0 0.551000 0.257143 0.024000 0.062857
0 0.525000 0.255714 0.036000 0.111429
0 0.470500 0.279286 0.053000 0.161429
0 0.447000 0.279286 0.044000 0.150000
0 0.394500 0.266429 0.027000 0.135714
0 0.382500 0.267857 0.025000 0.124286
0 0.361500 0.296429 0.049000 0.218571
0 0.330500 0.436429 0.191000 0.338571
0 0.195500 0.521429 0.269000 0.440000
0 0.234000 0.348571 0.106000 0.185714
0 0.213000 0.269286 0.034000 0.115714
0 0.172500 0.298571 0.053000 0.194286
0 0.118000 0.282143 0.042000 0.172857
0 0.101000 0.265000 0.026000 0.127143
0 0.075500 0.273571 0.027000 0.070000
0 0.042000 0.295714 0.044000 0.211429
