0 0.036667 0.540000 0.040000 0.200000
0 0.050000 0.517500 0.036667 0.145000
0 0.064167 0.511250 0.031667 0.092500
0 0.098333 0.555000 0.053333 0.240000
0 0.121667 0.533750 0.060000 0.177500
0 0.144167 0.501250 0.028333 0.097500
0 0.161667 0.511250 0.033333 0.127500
0 0.178333 0.575000 0.056667 0.195000
0 0.195000 0.557500 0.063333 0.235000
0 0.269167 0.557500 0.098333 0.170000
0 0.276667 0.481250 0.020000 0.087500
0 0.290000 0.513750 0.033333 0.132500
0 0.339167 0.512500 0.035000 0.115000
0 0.332500 0.502500 0.035000 0.110000
0 0.405833 0.498750 0.028333 0.112500
0 0.430000 0.521250 0.043333 0.097500
0 0.501667 0.507500 0.033333 0.115000
0 0.503333 0.507500 0.026667 0.115000
0 0.526667 0.503750 0.030000 0.112500
0 0.600000 0.495000 0.023333 0.100000
0 0.620833 0.513750 0.038333 0.162500
0 0.621667 0.502500 0.026667 0.110000
0 0.650000 0.538750 0.056667 0.237500
0 0.676667 0.491250 0.026667 0.097500
0 0.705000 0.510000 0.033333 0.125000
0 0.732500 0.510000 0.038333 0.140000
0 0.784167 0.502500 0.025000 0.110000
0 0.802500 0.508750 0.031667 0.162500
0 0.830000 0.530000 0.056667 0.210000
0 0.876667 0.510000 0.050000 0.160000
0 0.961667 0.583750 0.076667 0.342500
0 0.770833 0.586250 0.095000 0.317500
0 0.250000 0.507500 0.033333 0.100000
