0 0.965769 0.549266 0.066923 0.251572
0 0.730385 0.549266 0.083846 0.297694
0 0.618077 0.551363 0.073077 0.270440
0 0.600000 0.566562 0.064615 0.336478
0 0.520000 0.578092 0.092308 0.378407
0 0.440000 0.541929 0.107692 0.228512
0 0.399615 0.562369 0.091538 0.302935
0 0.328846 0.571803 0.082308 0.346960
0 0.295000 0.572851 0.086923 0.298742
0 0.883846 0.528826 0.021538 0.036688
0 0.845000 0.511530 0.023846 0.081761
0 0.855000 0.511530 0.014615 0.069182
0 0.827692 0.513627 0.023077 0.067086
0 0.820385 0.512055 0.016154 0.057652
0 0.783077 0.518344 0.018462 0.059748
0 0.769231 0.511006 0.020000 0.072327
0 0.478846 0.511006 0.011538 0.053459
0 0.551923 0.509958 0.013077 0.053459
0 0.565000 0.511006 0.013077 0.053459
0 0.570385 0.511530 0.013077 0.050314
0 0.195000 0.515199 0.017692 0.066038
0 0.211538 0.513627 0.012308 0.058700
0 0.179231 0.514675 0.016923 0.062893
0 0.046538 0.515723 0.014615 0.067086
0 0.062308 0.513627 0.016923 0.067086
0 0.050769 0.516247 0.012308 0.061845
0 0.084615 0.515199 0.013846 0.066038
0 0.091154 0.515199 0.013077 0.063941
0 0.026923 0.574948 0.053846 0.342767
0 0.135000 0.590671 0.100769 0.443396
